# 2019  11  03   02    08    07.273    41.8954    123.9601    1.0000     0.706     0.0     0.0    0.0   1
# 2019  11  03   03    05    13.813    41.9259    123.9811    1.0000     -0.133     0.0     0.0    0.0   2
# 2019  11  03   03    31    01.932    41.8999    123.9571    0.0000     0.790     0.0     0.0    0.0   3
# 2019  11  03   04    03    08.032    41.8952    123.9651    1.0000     1.371     0.0     0.0    0.0   4
# 2019  11  03   05    21    58.942    41.8995    123.9641    1.0000     0.396     0.0     0.0    0.0   5
# 2019  11  03   07    19    46.564    41.8959    123.9711    1.0000     0.010     0.0     0.0    0.0   6
# 2019  11  03   07    19    58.033    41.8959    123.9711    0.9000     0.109     0.0     0.0    0.0   7
# 2019  11  03   13    04    39.283    41.8959    123.9611    0.0000     0.270     0.0     0.0    0.0   8
# 2019  11  03   17    26    22.084    41.8995    123.9841    1.0000     -0.146     0.0     0.0    0.0   9
# 2019  11  03   18    24    11.337    41.8959    123.9811    1.0000     1.495     0.0     0.0    0.0   10
# 2019  11  03   22    22    52.353    41.8993    123.9581    0.0000     -0.105     0.0     0.0    0.0   11
# 2019  11  04   01    51    20.747    41.8858    124.0301    1.0000     -0.028     0.0     0.0    0.0   12
# 2019  11  04   02    37    37.818    41.8660    124.0331    0.5000     0.644     0.0     0.0    0.0   13
# 2019  11  04   02    51    52.011    41.8787    124.0191    1.0000     0.288     0.0     0.0    0.0   14
# 2019  11  04   03    44    37.673    41.8660    124.0331    0.1000     0.796     0.0     0.0    0.0   15
# 2019  11  04   05    07    22.646    41.8560    124.0231    1.0000     0.628     0.0     0.0    0.0   16
# 2019  11  04   11    32    51.524    41.8858    124.0301    0.0000     -0.042     0.0     0.0    0.0   17
# 2019  11  04   13    21    45.273    41.8413    124.0341    0.4000     1.239     0.0     0.0    0.0   18
# 2019  11  04   13    22    08.970    41.8962    124.0211    1.0000     2.001     0.0     0.0    0.0   19
# 2019  11  04   15    20    40.684    41.8962    124.0211    1.0000     -0.039     0.0     0.0    0.0   20
# 2019  11  04   16    43    52.448    41.8779    124.0271    0.0000     0.080     0.0     0.0    0.0   21
# 2019  11  04   18    19    00.061    41.8779    124.0271    0.0000     0.052     0.0     0.0    0.0   22
# 2019  11  04   18    46    10.935    41.8758    124.0301    0.4000     0.273     0.0     0.0    0.0   23
# 2019  11  04   20    24    48.208    41.8779    124.0171    1.0000     0.182     0.0     0.0    0.0   24
# 2019  11  04   20    34    20.400    41.8758    124.0301    0.7000     0.099     0.0     0.0    0.0   25
# 2019  11  04   21    49    18.150    41.8660    124.0231    1.0000     0.309     0.0     0.0    0.0   26
# 2019  11  04   22    10    53.243    41.8995    124.0241    0.2000     -0.008     0.0     0.0    0.0   27
# 2019  11  05   02    30    10.744    41.8912    124.0491    0.0000     0.161     0.0     0.0    0.0   28
# 2019  11  05   05    21    32.251    41.8410    124.0411    1.0000     -0.171     0.0     0.0    0.0   29
# 2019  11  05   05    57    00.394    41.8510    123.9721    1.0000     0.721     0.0     0.0    0.0   30
# 2019  11  05   07    27    32.647    41.8590    124.0031    0.0000     -0.134     0.0     0.0    0.0   31
# 2019  11  05   07    45    47.368    41.8902    124.0421    0.7000     -0.248     0.0     0.0    0.0   32
# 2019  11  05   08    05    51.943    41.8564    123.9741    1.0000     0.373     0.0     0.0    0.0   33
# 2019  11  05   08    23    47.842    41.8490    124.0131    0.0000     0.241     0.0     0.0    0.0   34
# 2019  11  05   08    39    24.521    41.8610    124.0221    0.5000     0.631     0.0     0.0    0.0   35
# 2019  11  05   20    17    10.777    41.8701    123.9701    1.0000     0.339     0.0     0.0    0.0   36
# 2019  11  06   02    33    08.835    41.8947    124.0591    0.8000     -0.260     0.0     0.0    0.0   37
# 2019  11  06   02    40    05.261    41.8848    124.0391    0.0000     -0.064     0.0     0.0    0.0   38
# 2019  11  06   03    40    30.559    41.9062    124.0231    1.0000     0.169     0.0     0.0    0.0   39
# 2019  11  06   04    33    05.179    41.8462    124.0231    1.0000     0.154     0.0     0.0    0.0   40
# 2019  11  06   05    22    25.036    41.8700    124.0241    1.0000     -0.220     0.0     0.0    0.0   41
# 2019  11  06   07    06    59.648    41.8916    124.0211    0.0000     0.203     0.0     0.0    0.0   42
# 2019  11  06   07    45    27.629    41.8762    124.0331    0.3000     -0.141     0.0     0.0    0.0   43
# 2019  11  06   08    47    28.543    41.8502    124.0421    1.0000     -0.022     0.0     0.0    0.0   44
# 2019  11  06   12    16    58.457    41.8952    124.0251    0.0000     -0.025     0.0     0.0    0.0   45
# 2019  11  06   15    40    32.299    41.8726    123.9871    1.0000     0.825     0.0     0.0    0.0   46
# 2019  11  06   19    28    46.783    41.8850    124.0171    0.3000     -0.205     0.0     0.0    0.0   47
# 2019  11  07   01    48    23.028    41.9055    124.0171    0.3000     0.012     0.0     0.0    0.0   48
# 2019  11  07   02    28    52.573    41.8548    124.0391    0.0000     0.628     0.0     0.0    0.0   49
# 2019  11  07   02    34    44.933    41.9048    124.0391    0.5000     -0.145     0.0     0.0    0.0   50
# 2019  11  07   03    09    13.279    41.8887    124.0291    0.2000     0.398     0.0     0.0    0.0   51
# 2019  11  07   03    41    17.326    41.8881    124.0111    0.7000     -0.195     0.0     0.0    0.0   52
# 2019  11  07   04    14    34.630    41.8826    123.9971    1.0000     0.919     0.0     0.0    0.0   53
# 2019  11  07   05    01    48.488    41.8610    124.0121    0.4000     0.425     0.0     0.0    0.0   54
# 2019  11  07   05    10    33.810    41.8556    124.0131    0.1000     0.016     0.0     0.0    0.0   55
# 2019  11  07   05    15    28.098    41.8590    123.9931    1.0000     0.261     0.0     0.0    0.0   56
# 2019  11  07   06    17    47.186    41.8769    124.0141    0.0000     -0.045     0.0     0.0    0.0   57
# 2019  11  07   06    56    01.107    41.8787    124.0091    1.0000     0.159     0.0     0.0    0.0   58
# 2019  11  07   07    30    00.100    41.8976    124.0411    0.4000     -0.222     0.0     0.0    0.0   59
# 2019  11  07   07    42    04.884    41.8887    124.0291    0.7000     0.318     0.0     0.0    0.0   60
# 2019  11  07   14    13    22.304    41.8862    124.0171    1.0000     -0.313     0.0     0.0    0.0   61
# 2019  11  07   15    27    26.203    41.8656    124.0331    0.0000     0.642     0.0     0.0    0.0   62
# 2019  11  07   16    01    32.739    41.8671    124.0201    1.0000     -0.085     0.0     0.0    0.0   63
# 2019  11  07   19    07    13.793    41.8580    123.9981    0.0000     -0.196     0.0     0.0    0.0   64
# 2019  11  07   19    07    27.800    41.8787    124.0091    0.9000     -0.050     0.0     0.0    0.0   65
# 2019  11  07   19    35    20.617    41.8993    124.0181    0.5000     -0.177     0.0     0.0    0.0   66
# 2019  11  07   19    35    35.499    41.8962    124.0071    1.0000     0.057     0.0     0.0    0.0   67
# 2019  11  07   19    55    23.129    41.8787    124.0291    0.7000     0.239     0.0     0.0    0.0   68
# 2019  11  07   21    19    14.827    41.8631    124.0061    1.0000     0.485     0.0     0.0    0.0   69
# 2019  11  08   03    21    51.904    41.8857    124.0101    0.6000     0.251     0.0     0.0    0.0   70
# 2019  11  08   03    22    22.149    41.8557    123.9801    0.4000     0.110     0.0     0.0    0.0   71
# 2019  11  08   03    28    34.228    41.8513    123.9741    1.0000     0.384     0.0     0.0    0.0   72
# 2019  11  08   03    56    39.929    41.8310    124.0121    0.3000     0.369     0.0     0.0    0.0   73
# 2019  11  08   04    08    50.651    41.8999    124.0031    1.0000     -0.036     0.0     0.0    0.0   74
# 2019  11  08   06    57    49.060    41.8648    124.0391    1.0000     -0.537     0.0     0.0    0.0   75
# 2019  11  08   07    24    47.054    41.8290    124.0331    0.0000     -0.085     0.0     0.0    0.0   76
# 2019  11  08   07    27    53.227    41.8999    124.0231    0.1000     -0.026     0.0     0.0    0.0   77
# 2019  11  08   07    28    25.849    41.8657    124.0021    1.0000     0.229     0.0     0.0    0.0   78
# 2019  11  08   07    34    38.301    41.8270    124.0411    0.0000     0.691     0.0     0.0    0.0   79
# 2019  11  08   11    58    20.498    41.8657    124.0221    0.8000     0.170     0.0     0.0    0.0   80
# 2019  11  08   12    32    22.315    41.8557    123.9721    1.0000     0.515     0.0     0.0    0.0   81
# 2019  11  08   15    20    13.928    41.8857    124.0301    0.3000     0.206     0.0     0.0    0.0   82
# 2019  11  08   18    19    28.052    41.8628    123.9811    1.0000     -0.105     0.0     0.0    0.0   83
# 2019  11  08   22    09    29.403    41.8857    124.0301    1.0000     0.241     0.0     0.0    0.0   84
# 2019  11  09   03    49    09.071    41.9151    124.0071    0.1000     0.138     0.0     0.0    0.0   85
# 2019  11  09   04    10    35.969    41.8485    123.9971    0.7000     1.085     0.0     0.0    0.0   86
# 2019  11  09   04    21    31.782    41.8510    124.0321    0.5000     0.692     0.0     0.0    0.0   87
# 2019  11  09   04    38    24.441    41.8748    124.0701    0.0000     0.178     0.0     0.0    0.0   88
# 2019  11  09   04    39    30.875    41.8801    124.0301    0.4000     0.606     0.0     0.0    0.0   89
# 2019  11  09   06    11    04.868    41.8799    124.0011    1.0000     1.111     0.0     0.0    0.0   90
# 2019  11  09   09    21    35.379    41.8834    124.0281    1.0000     0.634     0.0     0.0    0.0   91
# 2019  11  09   12    11    45.744    41.8885    124.0071    0.6000     0.077     0.0     0.0    0.0   92
# 2019  11  09   12    25    26.555    41.8812    124.0021    1.0000     0.312     0.0     0.0    0.0   93
# 2019  11  09   14    40    20.188    41.8851    124.0271    0.7000     0.037     0.0     0.0    0.0   94
# 2019  11  09   23    46    14.326    41.8462    123.9941    1.0000     0.879     0.0     0.0    0.0   95
# 2019  11  09   23    46    30.452    41.8721    124.0501    0.5000     1.514     0.0     0.0    0.0   96
# 2019  11  10   01    43    27.008    41.8554    123.9871    1.0000     0.380     0.0     0.0    0.0   97
# 2019  11  10   05    53    12.945    41.8313    124.0341    0.1000     0.702     0.0     0.0    0.0   98
# 2019  11  10   06    55    32.566    41.8954    124.0171    1.0000     -0.106     0.0     0.0    0.0   99
# 2019  11  10   07    00    01.309    41.8627    123.9851    1.0000     0.708     0.0     0.0    0.0   100
# 2019  11  10   07    36    11.059    41.8701    124.0201    1.0000     0.212     0.0     0.0    0.0   101
# 2019  11  10   07    41    15.195    41.8759    124.0301    1.0000     -0.186     0.0     0.0    0.0   102
# 2019  11  10   13    57    47.665    41.8823    124.0281    0.8000     0.256     0.0     0.0    0.0   103
# 2019  11  10   14    46    12.906    41.8831    124.0161    1.0000     0.053     0.0     0.0    0.0   104
# 2019  11  10   16    24    26.178    41.8959    123.9901    1.0000     -0.244     0.0     0.0    0.0   105
# 2019  11  10   17    07    25.768    41.8689    124.0241    1.0000     -0.003     0.0     0.0    0.0   106
# 2019  11  10   18    21    33.686    41.8863    124.0241    1.0000     -0.218     0.0     0.0    0.0   107
# 2019  11  10   22    09    18.633    41.8953    124.0171    0.0000     -0.279     0.0     0.0    0.0   108
# 2019  11  11   03    16    40.633    41.8587    123.9691    1.0000     0.774     0.0     0.0    0.0   109
# 2019  11  11   03    38    32.553    41.8510    123.9721    1.0000     0.991     0.0     0.0    0.0   110
# 2019  11  11   04    36    31.339    41.8574    124.0421    1.0000     -0.261     0.0     0.0    0.0   111
# 2019  11  11   04    40    40.163    41.8552    123.9831    0.5000     0.980     0.0     0.0    0.0   112
# 2019  11  11   04    46    15.010    41.8310    123.9721    1.0000     0.570     0.0     0.0    0.0   113
# 2019  11  11   05    06    08.840    41.8410    123.9721    1.0000     1.447     0.0     0.0    0.0   114
# 2019  11  11   05    11    50.179    41.8510    123.9721    0.6000     0.359     0.0     0.0    0.0   115
# 2019  11  11   05    14    12.633    41.8457    124.0631    0.7000     0.497     0.0     0.0    0.0   116
# 2019  11  11   05    43    32.253    41.8687    123.9691    1.0000     0.864     0.0     0.0    0.0   117
# 2019  11  11   06    48    59.050    41.8552    123.9831    1.0000     0.267     0.0     0.0    0.0   118
# 2019  11  11   06    57    34.522    41.8490    123.9731    0.0000     0.191     0.0     0.0    0.0   119
# 2019  11  11   07    20    25.629    41.8776    124.0411    1.0000     -0.442     0.0     0.0    0.0   120
# 2019  11  11   07    51    33.690    41.8452    123.9731    1.0000     0.384     0.0     0.0    0.0   121
# 2019  11  11   16    32    51.208    41.8587    124.0291    1.0000     0.064     0.0     0.0    0.0   122
# 2019  11  12   02    04    30.923    41.8657    123.9721    0.0000     0.542     0.0     0.0    0.0   123
# 2019  11  12   02    33    40.016    41.8450    124.0621    0.7000     0.480     0.0     0.0    0.0   124
# 2019  11  12   05    27    13.497    41.8610    123.9721    0.0000     0.747     0.0     0.0    0.0   125
# 2019  11  12   05    40    28.712    41.9619    124.0401    0.9000     0.970     0.0     0.0    0.0   126
# 2019  11  12   07    02    10.885    41.8410    123.9721    1.0000     0.380     0.0     0.0    0.0   127
# 2019  11  12   07    37    43.208    41.8812    124.0251    0.4000     0.314     0.0     0.0    0.0   128
# 2019  11  12   07    43    50.210    41.8490    123.9731    1.0000     0.285     0.0     0.0    0.0   129
# 2019  11  12   07    44    46.181    41.8510    123.9821    1.0000     0.489     0.0     0.0    0.0   130
# 2019  11  12   07    52    27.543    41.8510    123.9721    0.0000     0.208     0.0     0.0    0.0   131
# 2019  11  12   09    03    07.097    41.8680    123.9691    0.3000     1.270     0.0     0.0    0.0   132
# 2019  11  12   09    35    43.697    41.8880    124.0291    0.0000     0.001     0.0     0.0    0.0   133
# 2019  11  12   10    04    30.148    41.8630    123.9423    0.6000     2.667     0.0     0.0    0.0   134
# 2019  11  12   11    06    20.751    41.8610    123.9721    0.0000     0.502     0.0     0.0    0.0   135
# 2019  11  12   12    21    57.366    41.8610    123.9721    0.7000     0.279     0.0     0.0    0.0   136
# 2019  11  12   13    50    27.998    41.8752    123.9691    0.7000     -0.077     0.0     0.0    0.0   137
# 2019  11  12   14    25    12.539    41.8687    123.9691    1.0000     0.245     0.0     0.0    0.0   138
# 2019  11  12   17    34    15.497    41.8610    123.9721    0.3000     0.459     0.0     0.0    0.0   139
# 2019  11  12   19    18    17.700    41.8530    123.9731    1.0000     0.137     0.0     0.0    0.0   140
# 2019  11  12   19    28    30.444    41.8687    123.9891    1.0000     0.728     0.0     0.0    0.0   141
# 2019  11  12   21    12    45.025    41.8671    123.9801    1.0000     -0.149     0.0     0.0    0.0   142
# 2019  11  12   21    47    49.790    41.8564    124.0421    0.0000     0.071     0.0     0.0    0.0   143
# 2019  11  12   22    50    41.928    41.8590    123.9731    1.0000     0.233     0.0     0.0    0.0   144
# 2019  11  13   02    48    47.450    41.9232    123.9641    0.0000     0.569     0.0     0.0    0.0   145
# 2019  11  13   03    09    09.476    41.8787    124.0191    0.5000     0.278     0.0     0.0    0.0   146
# 2019  11  13   03    39    59.896    41.9227    124.0491    1.0000     0.145     0.0     0.0    0.0   147
# 2019  11  13   04    48    53.378    41.8590    123.9931    1.0000     0.244     0.0     0.0    0.0   148
# 2019  11  13   05    21    24.488    41.8487    123.9691    0.9000     1.192     0.0     0.0    0.0   149
# 2019  11  13   05    35    22.960    41.8490    124.0131    1.0000     0.048     0.0     0.0    0.0   150
# 2019  11  13   07    35    24.314    41.9086    124.0131    0.0000     0.191     0.0     0.0    0.0   151
# 2019  11  13   07    46    45.140    41.8852    124.0291    0.3000     -0.214     0.0     0.0    0.0   152
# 2019  11  13   07    56    09.565    41.8610    123.9721    0.4000     0.487     0.0     0.0    0.0   153
# 2019  11  13   10    35    48.983    41.8852    124.0191    1.0000     0.190     0.0     0.0    0.0   154
# 2019  11  13   11    57    26.531    41.8787    124.0591    0.3000     -0.024     0.0     0.0    0.0   155
# 2019  11  13   13    08    42.818    41.8876    124.0711    1.0000     -0.463     0.0     0.0    0.0   156
# 2019  11  13   17    51    36.725    41.8610    123.9721    1.0000     0.363     0.0     0.0    0.0   157
# 2019  11  13   18    01    17.977    41.8651    123.9671    0.4000     0.021     0.0     0.0    0.0   158
# 2019  11  13   20    53    00.349    41.8652    123.9691    0.5000     -0.017     0.0     0.0    0.0   159
# 2019  11  13   21    45    34.453    41.8564    124.0721    1.0000     0.308     0.0     0.0    0.0   160
# 2019  11  14   01    41    43.920    41.9025    124.0051    1.0000     0.127     0.0     0.0    0.0   161
# 2019  11  14   01    52    29.462    41.8479    124.0521    0.2000     -0.526     0.0     0.0    0.0   162
# 2019  11  14   02    48    18.518    41.8610    124.0221    0.0000     0.612     0.0     0.0    0.0   163
# 2019  11  14   04    58    07.452    41.8410    123.9721    1.0000     1.234     0.0     0.0    0.0   164
# 2019  11  14   05    57    44.779    41.8390    124.0131    0.9000     0.118     0.0     0.0    0.0   165
# 2019  11  14   06    57    47.316    41.8610    124.0221    0.7000     0.397     0.0     0.0    0.0   166
# 2019  11  14   07    07    12.166    41.8676    124.0411    0.0000     -0.024     0.0     0.0    0.0   167
# 2019  11  14   07    12    37.399    41.8559    124.0231    0.0000     0.130     0.0     0.0    0.0   168
# 2019  11  14   07    55    06.820    41.8465    124.0101    0.2000     -0.107     0.0     0.0    0.0   169
# 2019  11  14   08    09    17.746    41.8510    123.9721    0.9000     0.976     0.0     0.0    0.0   170
# 2019  11  14   12    13    18.401    41.8946    124.0261    0.0000     -0.039     0.0     0.0    0.0   171
# 2019  11  14   12    51    46.580    41.8610    123.9721    1.0000     0.291     0.0     0.0    0.0   172
# 2019  11  14   13    40    58.322    41.8767    124.0321    0.0000     -0.066     0.0     0.0    0.0   173
# 2019  11  14   16    57    25.943    41.8701    123.9701    1.0000     0.030     0.0     0.0    0.0   174
# 2019  11  14   21    08    38.362    41.8571    123.9701    1.0000     0.485     0.0     0.0    0.0   175
# 2019  11  14   23    00    41.245    41.8869    123.9641    0.0000     -0.201     0.0     0.0    0.0   176
# 2019  11  14   23    44    53.876    41.8587    123.9691    1.0000     0.907     0.0     0.0    0.0   177
# 2019  11  14   23    59    31.757    41.8610    123.9721    1.0000     1.328     0.0     0.0    0.0   178
# 2019  11  15   04    06    22.192    41.8687    124.0191    1.0000     0.640     0.0     0.0    0.0   179
# 2019  11  15   05    56    45.564    41.8947    124.0191    1.0000     0.841     0.0     0.0    0.0   180
# 2019  11  15   05    57    18.289    41.8290    124.0331    0.0000     -0.018     0.0     0.0    0.0   181
# 2019  11  15   06    32    25.389    41.9045    124.0161    1.0000     -0.069     0.0     0.0    0.0   182
# 2019  11  15   07    40    26.943    41.8610    124.0221    0.1000     -0.044     0.0     0.0    0.0   183
# 2019  11  15   08    30    55.418    41.8227    124.0511    0.9000     0.561     0.0     0.0    0.0   184
# 2019  11  16   03    25    11.764    41.9425    124.0051    0.3000     0.026     0.0     0.0    0.0   185
# 2019  11  16   04    02    50.539    41.8510    123.9721    1.0000     0.320     0.0     0.0    0.0   186
# 2019  11  16   07    29    08.912    41.8610    124.0221    0.3000     0.226     0.0     0.0    0.0   187
# 2019  11  16   07    47    15.140    41.8847    124.0191    0.1000     -0.244     0.0     0.0    0.0   188
# 2019  11  16   08    59    41.315    41.8708    124.0411    0.7000     -0.113     0.0     0.0    0.0   189
# 2019  11  16   14    37    55.855    41.8610    124.0321    0.4000     0.097     0.0     0.0    0.0   190
# 2019  11  16   15    08    11.451    41.8610    123.9721    1.0000     1.236     0.0     0.0    0.0   191
# 2019  11  16   15    15    57.416    41.8590    124.0331    1.0000     0.536     0.0     0.0    0.0   192
# 2019  11  16   15    26    21.806    41.8671    123.9801    1.0000     -0.175     0.0     0.0    0.0   193
# 2019  11  16   15    29    39.837    41.8610    124.0021    1.0000     -0.119     0.0     0.0    0.0   194
# 2019  11  16   17    30    22.448    41.8610    123.9721    1.0000     0.937     0.0     0.0    0.0   195
# 2019  11  16   21    03    21.145    41.8828    124.0281    1.0000     0.175     0.0     0.0    0.0   196
# 2019  11  16   21    07    34.636    41.8601    123.9701    1.0000     0.620     0.0     0.0    0.0   197
# 2019  11  17   00    44    38.202    41.8686    124.0211    1.0000     0.259     0.0     0.0    0.0   198
# 2019  11  17   03    08    50.119    41.8610    123.9721    1.0000     0.562     0.0     0.0    0.0   199
# 2019  11  17   03    32    17.626    41.9519    124.0401    1.0000     0.444     0.0     0.0    0.0   200
# 2019  11  17   04    54    19.796    41.8410    123.9721    1.0000     1.226     0.0     0.0    0.0   201
# 2019  11  17   05    12    35.987    41.8410    123.9921    0.8000     -0.005     0.0     0.0    0.0   202
# 2019  11  17   05    41    03.902    41.8610    123.9921    0.2000     0.902     0.0     0.0    0.0   203
# 2019  11  17   05    51    34.003    41.8610    124.0221    0.2000     0.203     0.0     0.0    0.0   204
# 2019  11  17   06    24    18.414    41.9225    123.9651    1.0000     0.191     0.0     0.0    0.0   205
# 2019  11  17   07    21    25.836    41.8610    123.9821    0.0000     0.187     0.0     0.0    0.0   206
# 2019  11  17   07    25    41.806    41.8772    124.0311    0.3000     -0.122     0.0     0.0    0.0   207
# 2019  11  17   07    35    53.467    41.8310    124.0321    1.0000     0.438     0.0     0.0    0.0   208
# 2019  11  17   07    43    47.357    41.8390    124.0131    0.9000     -0.116     0.0     0.0    0.0   209
# 2019  11  17   08    32    41.157    41.8787    124.0291    0.0000     0.180     0.0     0.0    0.0   210
# 2019  11  17   10    33    31.824    41.8857    124.0271    0.0000     -0.211     0.0     0.0    0.0   211
# 2019  11  17   10    33    39.305    41.8587    123.9691    1.0000     0.446     0.0     0.0    0.0   212
# 2019  11  17   21    12    28.195    41.8771    124.0101    0.6000     0.336     0.0     0.0    0.0   213
# 2019  11  18   03    58    58.098    41.8501    123.9741    1.0000     0.485     0.0     0.0    0.0   214
# 2019  11  18   04    08    11.725    41.8501    123.9741    1.0000     0.392     0.0     0.0    0.0   215
# 2019  11  18   04    21    42.780    41.8601    124.0241    1.0000     0.414     0.0     0.0    0.0   216
# 2019  11  18   06    14    04.816    41.8601    123.9741    0.0000     0.197     0.0     0.0    0.0   217
# 2019  11  18   06    20    29.900    41.9634    123.9761    1.0000     0.181     0.0     0.0    0.0   218
# 2019  11  18   07    10    23.029    41.8501    123.9741    0.0000     0.401     0.0     0.0    0.0   219
# 2019  11  18   07    36    10.094    41.8831    123.9961    0.8000     -0.021     0.0     0.0    0.0   220
# 2019  11  18   07    40    38.410    41.8610    123.9721    1.0000     0.268     0.0     0.0    0.0   221
# 2019  11  18   07    54    42.150    41.8881    124.0281    0.0000     -0.182     0.0     0.0    0.0   222
# 2019  11  18   07    57    29.040    41.8927    124.0491    0.7000     -0.140     0.0     0.0    0.0   223
# 2019  11  18   08    43    57.548    41.8350    124.0631    0.3000     0.387     0.0     0.0    0.0   224
# 2019  11  18   09    03    48.872    41.8513    123.9841    0.0000     0.524     0.0     0.0    0.0   225
# 2019  11  18   09    13    03.485    41.8501    123.9841    0.0000     -0.016     0.0     0.0    0.0   226
# 2019  11  18   17    04    53.569    41.8610    123.9721    0.6000     0.265     0.0     0.0    0.0   227
# 2019  11  18   21    40    59.868    41.8610    123.9721    1.0000     0.666     0.0     0.0    0.0   228
# 2019  11  19   03    09    00.748    41.8851    124.0201    0.8000     0.780     0.0     0.0    0.0   229
# 2019  11  19   04    33    20.009    41.8310    123.9721    0.0000     0.653     0.0     0.0    0.0   230
# 2019  11  19   04    42    37.894    41.8350    123.9751    0.0000     0.406     0.0     0.0    0.0   231
# 2019  11  19   05    39    25.236    41.8590    124.0031    1.0000     0.057     0.0     0.0    0.0   232
# 2019  11  19   06    02    55.013    41.9227    123.9561    0.0000     0.003     0.0     0.0    0.0   233
# 2019  11  19   06    15    04.765    41.8471    124.0101    1.0000     -0.168     0.0     0.0    0.0   234
# 2019  11  19   06    20    57.491    41.8510    123.9821    0.2000     0.551     0.0     0.0    0.0   235
# 2019  11  19   06    29    44.121    41.8210    123.9821    0.9000     0.308     0.0     0.0    0.0   236
# 2019  11  19   06    53    37.734    41.8610    124.0321    0.5000     0.943     0.0     0.0    0.0   237
# 2019  11  19   07    47    56.343    41.8390    123.9931    1.0000     -0.136     0.0     0.0    0.0   238
# 2019  11  19   07    51    23.960    41.8751    124.0301    0.0000     -0.311     0.0     0.0    0.0   239
# 2019  11  19   09    58    38.431    41.8849    123.9671    0.0000     -0.172     0.0     0.0    0.0   240
# 2019  11  19   10    45    50.353    41.8851    124.0301    0.3000     -0.112     0.0     0.0    0.0   241
# 2019  11  19   18    20    41.983    41.8801    124.0301    0.1000     0.242     0.0     0.0    0.0   242
# 2019  11  19   18    51    59.781    41.8590    123.9731    0.3000     0.861     0.0     0.0    0.0   243
# 2019  11  19   19    09    55.928    41.8626    123.9671    0.8000     0.730     0.0     0.0    0.0   244
# 2019  11  20   02    45    46.179    41.8771    124.0301    1.0000     0.672     0.0     0.0    0.0   245
# 2019  11  20   03    52    23.763    41.8682    124.0281    0.9000     -0.244     0.0     0.0    0.0   246
# 2019  11  20   04    30    13.054    41.8608    124.0411    1.0000     -0.190     0.0     0.0    0.0   247
# 2019  11  20   05    07    16.541    41.8619    124.0221    1.0000     0.722     0.0     0.0    0.0   248
# 2019  11  20   05    13    03.286    41.8590    123.9931    1.0000     0.038     0.0     0.0    0.0   249
# 2019  11  20   06    18    18.158    41.8457    124.0031    1.0000     0.398     0.0     0.0    0.0   250
# 2019  11  20   06    19    38.232    41.8401    124.0301    0.4000     0.454     0.0     0.0    0.0   251
# 2019  11  20   07    44    53.667    41.8390    123.9931    0.8000     -0.135     0.0     0.0    0.0   252
# 2019  11  20   07    49    39.991    41.8390    124.0031    1.0000     -0.032     0.0     0.0    0.0   253
# 2019  11  20   08    23    26.297    41.8677    124.0501    0.2000     -0.434     0.0     0.0    0.0   254
# 2019  11  20   08    30    30.441    41.9066    124.0421    0.9000     1.083     0.0     0.0    0.0   255
# 2019  11  20   08    57    21.729    41.8665    124.0611    1.0000     0.212     0.0     0.0    0.0   256
# 2019  11  20   10    48    53.646    41.8782    124.0281    0.5000     0.214     0.0     0.0    0.0   257
# 2019  11  20   11    24    08.052    41.8931    124.0161    0.0000     0.012     0.0     0.0    0.0   258
# 2019  11  20   12    40    25.368    41.8590    124.0331    0.0000     0.459     0.0     0.0    0.0   259
# 2019  11  20   15    33    56.011    41.8571    124.0301    1.0000     0.652     0.0     0.0    0.0   260
# 2019  11  20   15    43    35.965    41.8941    124.0291    1.0000     0.682     0.0     0.0    0.0   261
# 2019  11  21   01    56    45.546    41.8390    123.9731    0.0000     0.903     0.0     0.0    0.0   262
# 2019  11  21   02    28    36.574    41.8682    124.0371    0.1000     0.261     0.0     0.0    0.0   263
# 2019  11  21   02    52    56.517    41.8482    123.9771    0.8000     1.168     0.0     0.0    0.0   264
# 2019  11  21   04    04    37.397    41.8848    124.0261    1.0000     0.108     0.0     0.0    0.0   265
# 2019  11  21   07    17    22.584    41.8582    124.0171    1.0000     0.267     0.0     0.0    0.0   266
# 2019  11  21   07    52    27.964    41.8748    124.0261    1.0000     -0.200     0.0     0.0    0.0   267
# 2019  11  21   16    18    58.105    41.8740    123.9681    0.0000     0.003     0.0     0.0    0.0   268
# 2019  11  21   18    00    12.621    41.8513    123.9721    1.0000     0.394     0.0     0.0    0.0   269
# 2019  11  21   21    57    37.231    41.8613    123.9721    1.0000     1.107     0.0     0.0    0.0   270
# 2019  11  21   23    59    17.223    41.8613    124.0321    0.8000     0.261     0.0     0.0    0.0   271
# 2019  11  22   02    07    15.018    41.8755    124.0521    0.8000     -0.144     0.0     0.0    0.0   272
# 2019  11  22   03    51    40.974    41.8651    123.9851    0.0000     0.175     0.0     0.0    0.0   273
# 2019  11  22   04    39    13.671    41.8390    124.0231    0.0000     -0.050     0.0     0.0    0.0   274
# 2019  11  22   05    17    55.959    41.8411    123.9721    0.7000     0.691     0.0     0.0    0.0   275
# 2019  11  22   06    40    05.992    41.8712    124.0411    1.0000     -0.248     0.0     0.0    0.0   276
# 2019  11  22   06    48    33.206    41.8274    124.0521    0.9000     0.804     0.0     0.0    0.0   277
# 2019  11  22   07    05    51.416    41.8356    123.9731    0.7000     0.938     0.0     0.0    0.0   278
# 2019  11  22   07    47    13.853    41.8456    123.9731    0.0000     0.535     0.0     0.0    0.0   279
# 2019  11  22   13    39    46.660    41.8556    123.9731    1.0000     0.913     0.0     0.0    0.0   280
# 2019  11  22   17    19    48.397    41.8471    123.9801    0.4000     0.557     0.0     0.0    0.0   281
# 2019  11  22   18    41    54.391    41.8521    123.9711    0.5000     0.828     0.0     0.0    0.0   282
# 2019  11  22   21    00    20.664    41.8511    123.9721    1.0000     0.210     0.0     0.0    0.0   283
# 2019  11  23   01    04    05.597    41.8501    123.9801    1.0000     0.767     0.0     0.0    0.0   284
# 2019  11  23   02    06    53.393    41.8519    124.0311    1.0000     0.407     0.0     0.0    0.0   285
# 2019  11  23   02    07    32.455    41.8424    123.9721    0.0000     0.509     0.0     0.0    0.0   286
# 2019  11  23   02    08    09.825    41.8424    123.9721    0.0000     0.545     0.0     0.0    0.0   287
# 2019  11  23   02    08    47.782    41.8424    123.9721    0.0000     0.661     0.0     0.0    0.0   288
# 2019  11  23   02    15    06.201    41.8324    123.9721    1.0000     0.799     0.0     0.0    0.0   289
# 2019  11  23   02    21    20.119    41.8424    123.9721    0.4000     0.483     0.0     0.0    0.0   290
# 2019  11  23   02    34    07.592    41.8458    123.9731    1.0000     0.622     0.0     0.0    0.0   291
# 2019  11  23   02    39    46.220    41.8424    123.9721    1.0000     0.897     0.0     0.0    0.0   292
# 2019  11  23   02    50    04.786    41.8424    123.9721    1.0000     0.702     0.0     0.0    0.0   293
# 2019  11  23   03    28    57.628    41.8456    123.9701    1.0000     0.306     0.0     0.0    0.0   294
# 2019  11  23   05    48    25.985    41.8424    123.9821    0.9000     0.769     0.0     0.0    0.0   295
# 2019  11  23   07    24    26.037    41.8652    123.9661    0.4000     1.342     0.0     0.0    0.0   296
# 2019  11  23   07    36    14.817    41.8290    124.0131    1.0000     -0.097     0.0     0.0    0.0   297
# 2019  11  23   08    45    27.301    41.8190    124.0331    0.3000     -0.123     0.0     0.0    0.0   298
# 2019  11  23   08    48    52.489    41.8624    124.0321    0.0000     0.214     0.0     0.0    0.0   299
# 2019  11  23   12    57    37.218    41.8456    123.9701    0.3000     0.256     0.0     0.0    0.0   300
# 2019  11  23   17    50    10.954    41.8756    124.0201    0.7000     0.107     0.0     0.0    0.0   301
# 2019  11  23   18    14    09.620    41.8630    124.0231    1.0000     0.331     0.0     0.0    0.0   302
# 2019  11  23   18    46    45.621    41.8756    124.0301    0.0000     -0.041     0.0     0.0    0.0   303
# 2019  11  23   21    56    01.774    41.8656    124.0301    0.4000     0.064     0.0     0.0    0.0   304
# 2019  11  24   01    55    50.660    41.9072    124.0161    0.5000     1.088     0.0     0.0    0.0   305
# 2019  11  24   02    16    46.156    41.8557    124.0031    0.5000     0.158     0.0     0.0    0.0   306
# 2019  11  24   04    28    05.919    41.8524    124.0321    0.7000     0.617     0.0     0.0    0.0   307
# 2019  11  24   04    53    17.119    41.8524    124.0321    0.0000     0.820     0.0     0.0    0.0   308
# 2019  11  24   05    52    40.361    41.8518    124.0311    0.9000     1.183     0.0     0.0    0.0   309
# 2019  11  24   06    38    15.327    41.8490    124.0331    1.0000     0.643     0.0     0.0    0.0   310
# 2019  11  24   07    57    17.110    41.8572    124.0061    1.0000     0.166     0.0     0.0    0.0   311
# 2019  11  24   08    09    51.395    41.8357    124.0131    1.0000     -0.048     0.0     0.0    0.0   312
# 2019  11  24   08    15    06.937    41.8357    124.0131    0.6000     -0.094     0.0     0.0    0.0   313
# 2019  11  24   09    18    59.341    41.8624    124.0221    1.0000     0.192     0.0     0.0    0.0   314
# 2019  11  24   12    53    29.639    41.8657    124.0331    0.4000     0.440     0.0     0.0    0.0   315
# 2019  11  24   13    25    11.468    41.8657    124.0231    1.0000     0.013     0.0     0.0    0.0   316
# 2019  11  24   13    34    40.887    41.8701    124.0001    0.9000     0.568     0.0     0.0    0.0   317
# 2019  11  24   15    59    51.910    41.8601    124.0301    1.0000     0.646     0.0     0.0    0.0   318
# 2019  11  24   16    18    42.838    41.8781    124.0071    0.4000     -0.191     0.0     0.0    0.0   319
# 2019  11  24   19    15    13.133    41.8681    124.0171    0.2000     0.607     0.0     0.0    0.0   320
# 2019  11  24   20    57    52.881    41.8657    124.0331    0.0000     0.154     0.0     0.0    0.0   321
# 2019  11  25   06    55    11.927    41.8776    124.0411    1.0000     -0.083     0.0     0.0    0.0   322
# 2019  11  25   07    41    22.859    41.8376    124.0711    1.0000     -0.016     0.0     0.0    0.0   323
# 2019  11  25   08    39    28.477    41.8931    124.0261    0.5000     0.377     0.0     0.0    0.0   324
# 2019  11  25   15    30    28.779    41.8648    124.0391    0.0000     0.064     0.0     0.0    0.0   325
